3 21
9 14
16 14
21 9
26 11
29 11
31 11
32 11
38 11
41 5
48 10
50 37
53 7
83 36
87 35
88 20
91 8
95 5
97 16
104 7
116 10
118 34
126 21
127 6
128 4
129 4
135 13
149 0
163 6
168 4
170 1
172 4
179 0
184 15
186 14
187 34
188 15
189 15
192 21
194 21
206 4
208 21
212 34
216 17
218 1
230 23
268 15
270 4
282 1
284 0
287 15
288 1
293 14
297 1
301 1
306 9
311 1
318 10
323 16
329 8
334 17
339 13
340 2
346 4
355 34
358 14
359 14
373 36
377 7
380 7
384 7
385 7
393 7
396 7
397 7
398 7
399 4
407 14
412 21
414 0
418 15
422 1
426 4
427 4
433 37
436 13
439 13
441 14
442 10
445 3
451 14
455 10
459 1
465 1
468 1
479 4
483 4
488 14
489 34
490 14
492 14
493 4
496 14
499 14
502 14
504 14
507 6
509 15
517 21
520 21
521 2
528 0
532 21
536 15
537 1
539 4
544 4
546 17
553 2
554 2
555 14
559 36
560 1
569 14
578 35
579 17
580 1
592 17
599 19
605 0
611 4
615 37
628 7
640 16
641 23
646 22
650 1
651 26
659 7
661 14
673 1
680 0
690 1
691 1
695 1
698 22
700 14
712 4
713 15
724 13
725 10
730 0
732 1
734 7
736 4
740 5
741 4
742 4
750 20
763 14
771 1
788 28
792 36
793 6
797 0
805 14
819 17
820 1
826 21
827 14
830 14
835 4
841 7
859 21
861 0
875 3
878 11
879 19
884 21
890 36
892 38
907 0
909 19
910 4
912 4
913 14
926 19
929 17
940 5
948 7
949 22
950 4
953 11
955 5
961 7
962 9
963 19
964 11
982 21
983 10
985 7
989 8
991 21
995 21
998 4
