3 21
9 14
16 34
21 9
26 11
29 11
31 11
32 11
38 11
41 5
48 10
50 37
53 4
83 36
87 34
88 20
91 15
95 4
97 16
104 7
116 13
118 26
126 22
127 6
128 5
129 4
135 13
149 0
163 24
168 4
170 13
172 4
179 0
184 15
186 40
187 15
188 15
189 15
192 21
194 21
206 4
208 22
212 34
216 17
218 1
230 23
268 39
270 4
282 36
284 0
287 15
288 37
293 14
297 1
301 26
306 9
311 1
318 10
323 16
329 8
334 17
339 13
340 2
346 0
355 27
358 14
359 14
373 36
377 7
380 7
384 7
385 7
393 7
396 7
397 7
398 7
399 4
407 14
412 21
414 1
418 15
422 35
426 4
427 12
433 37
436 13
439 13
441 14
442 10
445 3
451 14
455 22
459 1
465 23
468 1
479 1
483 3
488 14
489 25
490 6
492 40
493 4
496 14
499 14
502 14
504 14
507 31
509 15
517 1
520 21
521 2
528 25
532 21
536 15
537 6
539 3
544 4
546 35
553 2
554 2
555 14
559 27
560 31
569 14
578 27
579 17
580 16
592 17
599 19
605 1
611 4
615 35
628 7
640 16
641 23
646 22
650 1
651 26
659 6
661 14
673 23
680 0
690 15
691 21
695 23
698 22
700 14
712 0
713 15
724 13
725 10
730 23
732 4
734 1
736 27
740 20
741 7
742 23
750 20
763 34
771 38
788 24
792 24
793 23
797 1
805 14
819 17
820 5
826 21
827 14
830 14
835 4
841 7
859 32
861 5
875 31
878 11
879 19
884 21
890 9
892 38
907 0
909 4
910 4
912 14
913 14
926 19
929 17
940 4
948 6
949 22
950 36
953 11
955 5
961 4
962 9
963 19
964 11
982 21
983 10
985 7
989 8
991 32
995 6
998 14
